serial_no,line_counter,datetime,code_space,tag_id,sensor_adc,signal_level,noise_level,channel,latitude,longitude,total_dt,dt,delta_tof,delta_distance,total_distance,gps_distance,x,y,relative_tag_bearing,tag_bearing,gps_speed,gps_delta_tof,gps_heading
,,2022-07-18 13:39:59.898259,,,,,,,10.922219333333333,-85.79157616666667,,,,,,351.4770210995046,305.3229116808722,-174.35352062926347,,2.6227347566699217,,0.001142370539540528,-1.3684355695594084
,,2022-07-18 13:40:09.901948,,,,,,,10.922197,-85.7915715,,,,,,353.1448820872338,305.8324194786923,-176.83687749896146,,2.6173456093111773,,0.0012523007756952472,-1.421812175655923
,,2022-07-18 13:40:19.915341,,,,,,,10.922170833333332,-85.7915675,,,,,,354.97324121974884,306.2691404484508,-179.746482189814,,2.6108681815241024,,0.0006187205655133885,-1.649534287440382
,,2022-07-18 13:40:29.917971,,,,,,,10.922152166666669,-85.791569,,,,,,355.8765732453984,306.10537008427053,-181.8221237524437,,2.605607383190667,,0.00034310662842841177,-1.141135376818824
,,2022-07-18 13:40:39.930701,,,,,,,10.922147166666669,-85.79156666666667,,,,,,356.37750892290387,306.36012398318053,-182.3780991709642,,2.6046315816562586,,0.0005608283384007514,-0.039918167274258676
,,2022-07-18 13:40:49.944747,,,,,,,10.922146833333333,-85.79155816666666,,,,,,357.19631829696897,307.288156044091,-182.41516419931352,,2.6058708735355993,,0.00039323944925867684,-0.18309952278176025
,,2022-07-18 13:40:59.958095,,,,,,,10.922145833333332,-85.79155266666666,,,,,,357.77044789288664,307.88864737664085,-182.52635928312372,,2.606460132201453,,0.000419469606097544,0.0
,,2022-07-18 13:41:09.959720,,,,,,,10.922145833333332,-85.79154616666666,,,,,,358.38287351778905,308.59831895197755,-182.52635928312372,,2.6074695137651194,,0.0006152760552568808,0.2870511322632501
,,2022-07-18 13:41:19.965978,,,,,,,10.922149166666667,-85.79153466666666,,,,,,359.2811765584641,309.8538917384706,-182.15570900369747,,2.6101354567963257,,0.0006550971198437341,-0.0517395918467005
,,2022-07-18 13:41:29.976490,,,,,,,10.922148666666669,-85.79152483333333,,,,,,360.23761835343595,310.92749745550424,-182.21130654542574,,2.611512220143608,,0.00018250040456965438,-1.5344464155264563
457049.0,2.0,2022-07-18 13:41:36.710000,A69-1602,65478.0,,37.0,25.5,0.0,10.922144166666667,-85.79152466666666,0.0,0.0,0.0,0.0,0.0,360.50406894410764,310.94569416217234,-182.71168442239477,,2.6103407098747997,,,2.942144130813407
,,2022-07-18 13:41:48.786928,,,,,,,10.9221485,-85.7915465,,,,,,358.2020887279113,308.56192553725225,-182.229839059512,,2.608130010342111,,-0.0016997816110561755,2.8712942059229762
,,2022-07-18 13:41:58.800114,,,,,,,10.922154666666666,-85.79156916666666,,,,,,355.7204075757693,306.08717337760237,-181.54413604344873,,2.6062528653358576,,-0.0015162234459706126,2.788312061357897
,,2022-07-18 13:42:08.812172,,,,,,,10.922161666666666,-85.7915885,,,,,,353.5067213446522,303.9763553582604,-180.76577045730784,,2.605101120669615,,-0.00041875850516708067,2.842244195994315
457049.0,3.0,2022-07-18 13:42:09.433000,A69-1602,65478.0,,38.5,26.5,0.0,10.922163333333334,-85.791594,32.723,32.723,0.0067159999999972,9.805359999996028,9.805359999996028,352.89533392710825,303.37586402571054,-180.58044531768314,,2.6046829479957605,-0.043873411964661616,-0.000983335383369604,2.7333914488720668
457049.0,4.0,2022-07-18 13:42:17.611000,A69-1602,65478.0,,44.0,26.5,0.0,10.9221685,-85.79160616666667,40.901,8.178,-0.0010709999999996,-1.563659999999416,8.241699999996612,351.45966426738863,302.0475044097669,-180.00593738525322,,2.6041546396190896,-0.1559933704388768,-0.0008737765640062566,2.7092272292053203
457049.0,5.0,2022-07-18 13:42:25.790000,A69-1602,65478.0,,46.0,26.5,0.0,10.922173333333332,-85.79161683333334,49.08,8.179,-7.100000000015427e-05,-0.1036600000002252,8.138039999996387,350.1839504839395,300.8829151580035,-179.46849448064216,,2.60377067095804,-0.14600456460238143,-0.0008179255711526559,2.71185426851634
,,2022-07-18 13:42:37.771799,,,,,,,10.922177833333333,-85.79162683333334,,,,,,348.9897791500566,299.79111273430175,-178.96811660384995,,2.603399606948885,,-0.0005301603719452916,2.936209859767745
,,2022-07-18 13:42:47.773325,,,,,,,10.922179333333334,-85.79163416666667,,,,,,348.2157450070165,298.9904576242354,-178.80132397813466,,2.6026326466317498,,6.632515851223404e-06,-2.0624941447133014
,,2022-07-18 13:42:57.784726,,,,,,,10.9221775,-85.79163516666667,,,,,,348.2254284801593,298.88127738144846,-179.0051816316688,,2.601969602160571,,0.0007242997996722698,-1.0040385349495315
,,2022-07-18 13:43:07.792840,,,,,,,10.9221685,-85.79162933333333,,,,,,349.2829061876808,299.5181621287236,-180.00593738525322,,2.6004491672377585,,0.0010518046817631092,-0.5032391476139999
457049.0,6.0,2022-07-18 13:43:14.864000,A69-1602,65478.0,,56.0,27.5,0.0,10.922161833333334,-85.791617,98.154,49.074,-0.0004260000000009,-0.6219600000013514,7.516079999995036,350.81854102305493,300.8647184513354,-180.7472379432216,,2.6006151284957815,0.03612812013730211,0.0012143502517931257,-0.2762395113569442
457049.0,7.0,2022-07-18 13:43:23.042000,A69-1602,65478.0,,45.0,25.5,0.0,10.922157333333333,-85.79160083333333,106.332,8.178,-0.0010709999999996,-1.563659999999416,5.95241999999562,352.5914923906729,302.6297990356486,-181.24761582019065,,2.6019759751385143,0.30312683007594277,0.0016979254906582604,-0.19128216540721318
,,2022-07-18 13:43:34.821017,,,,,,,10.922152833333334,-85.79157716666667,,,,,,355.07046360703396,305.21373143808535,-181.74799369680602,,2.6045049537273517,,0.0013452701270364209,-0.10320364554261915
,,2022-07-18 13:43:44.848735,,,,,,,10.922150833333331,-85.7915575,,,,,,357.03455799250713,307.3609428721526,-181.97038386442642,,2.6070456628122507,,0.0003079490338181698,0.13066471571194366
457049.0,8.0,2022-07-18 13:43:47.574000,A69-1602,65478.0,,43.0,25.5,0.0,10.9221515,-85.79155233333333,130.864,24.532,-0.0052130000000012,-7.610980000001817,-1.6585600000061973,357.48416358188166,307.92504079136614,-181.89625380843506,,2.608027578941323,0.03299403070586395,0.000554390110463188,0.19080536494356792
457049.0,9.0,2022-07-18 13:43:55.755000,A69-1602,65478.0,,37.5,26.5,0.0,10.922153333333334,-85.79154266666667,139.045,8.181,0.0019289999999987,2.8163399999981564,1.1577799999919591,358.2935731431579,308.9804497989536,-181.69239615490093,,2.6100148130730902,0.10862442381153095,0.0006086687747959826,0.10149547158549516
457049.0,10.0,2022-07-18 13:44:03.933000,A69-1602,65478.0,,37.5,26.5,0.0,10.922154333333332,-85.79153266666667,147.223,8.178,-0.0010709999999996,-1.563659999999416,-0.4058800000074569,359.18222955436005,310.0722522226553,-181.58120107144438,,2.6118217410792743,0.1277525613973995,0.0007155893473342007,0.11425562320650245
,,2022-07-18 13:44:15.689997,,,,,,,10.922155666666669,-85.79152083333334,,,,,,360.226990001468,311.3642184238737,-181.4329409594617,,2.6139884505917017,,0.0006339220154068057,-0.14975253880407013
457049.0,11.0,2022-07-18 13:44:20.290000,A69-1602,65478.0,,40.5,28.0,0.0,10.922154333333332,-85.79151183333333,163.58,16.357,-0.0011420000000015,-1.6673200000022348,-2.073200000009692,361.1525161439619,312.3468406061777,-181.58120107144438,,2.6150031869579426,0.07060614119513331,0.000791030583238901,-0.028282852366041077
,,2022-07-18 13:44:32.010749,,,,,,,10.922154,-85.79149983333333,,,,,,362.3074207954907,313.6570035140642,-181.6182660990864,,2.6167315308440617,,0.00032839883607676894,0.22871616187552726
457049.0,12.0,2022-07-18 13:44:36.646000,A69-1602,65478.0,,47.0,28.5,0.0,10.922155333333333,-85.791494,179.936,16.356,-0.0021419999999992,-3.127319999998832,-5.200520000008524,362.7868830961628,314.2938882613393,-181.4700059876342,,2.6179644196108383,0.027466187887785758,0.00030769655417303005,0.03510468552681392
457049.0,13.0,2022-07-18 13:44:44.825000,A69-1602,65478.0,,47.0,29.0,0.0,10.9221555,-85.79148916666666,188.115,8.179,-7.100000000015427e-05,-0.1036600000002252,-5.304180000008749,363.2361200652554,314.8215927658275,-181.45147347354794,,2.6187347518092423,0.04361149501966862,0.0002443139847711436,0.6027250462872519
457049.0,14.0,2022-07-18 13:44:53.003000,A69-1602,65478.0,,52.0,28.0,0.0,10.922159666666667,-85.791483,196.293,8.178,-0.0010709999999996,-1.563659999999416,-6.867840000008165,363.5928184830213,315.4948709264389,-180.98816062457456,,2.6207627281938546,0.04374225185363144,0.0002450165312732863,0.7231521778841693
457049.0,15.0,2022-07-18 13:45:01.182000,A69-1602,65478.0,,52.0,28.0,0.0,10.922166166666669,-85.7914755,204.472,8.179,-7.100000000015427e-05,-0.1036600000002252,-6.97150000000839,363.9505426186803,316.3137227445625,-180.2653925803388,,2.623603896491379,0.008297529121731595,4.648321279907035e-05,0.9622090252747758
457049.0,16.0,2022-07-18 13:45:09.360000,A69-1602,65478.0,,53.0,27.5,0.0,10.922171333333331,-85.79147183333333,212.65,8.178,-0.0010709999999996,-1.563659999999416,-8.535160000007807,364.01840810936693,316.7140502995957,-179.69088464808573,,2.6255189888861206,0.012262108504979202,6.868460503679446e-05,0.8248126187601307
457049.0,17.0,2022-07-18 13:45:17.540000,A69-1602,65478.0,,51.5,28.0,0.0,10.922174166666666,-85.79146916666667,220.83,8.18,0.0009289999999992,1.3563399999989656,-7.178820000008841,364.11868763272065,317.00519761184205,-179.3758319107414,,2.6266657547364227,0.015886954309733355,8.901047003672524e-05,0.6836784178321755
457049.0,18.0,2022-07-18 13:45:25.718000,A69-1602,65478.0,,69.5,27.5,0.0,10.922176166666668,-85.79146666666666,229.008,8.178,-0.0010709999999996,-1.563659999999416,-8.742480000008257,364.24864291897427,317.2781482188093,-179.153441743121,,2.6275658782436295,0.0310909201674904,0.00017415174323954556,0.0
457049.0,19.0,2022-07-18 13:45:33.896000,A69-1602,65478.0,,71.0,29.0,0.0,10.922176166666668,-85.791464,237.186,8.178,-0.0010709999999996,-1.563659999999416,-10.306140000007671,364.502904464104,317.56929553105556,-179.153441743121,,2.627958490713419,0.02126776288191676,0.00011912860606048992,-1.363418296589517
457049.0,20.0,2022-07-18 13:45:42.074000,A69-1602,65478.0,,68.5,29.0,0.0,10.922173833333334,-85.7914635,245.364,8.178,-0.0010709999999996,-1.563659999999416,-11.86980000000709,364.6768322289523,317.623885652449,-179.41289693856024,,2.627412554535355,0.008447150662143568,4.73156151472672e-05,-1.979577081898453
457049.0,21.0,2022-07-18 13:45:50.253000,A69-1602,65478.0,,60.0,30.5,0.0,10.922168166666667,-85.791466,253.543,8.179,-7.100000000015427e-05,-0.1036600000002252,-11.973460000007314,364.74591302706733,317.35093504687086,-180.04300241307206,,2.625540979742955,-0.06925928652577215,-0.00038799431814677424,-2.7623579710050987
457049.0,22.0,2022-07-18 13:45:58.432000,A69-1602,65478.0,,57.5,30.5,0.0,10.922165166666666,-85.79147366666666,261.722,8.179,-7.100000000015427e-05,-0.1036600000002252,-12.07712000000754,364.17944132257304,316.51388652346816,-180.37658766432583,,2.623610758048234,-0.04256339953212698,-0.00023844249642004562,-2.6979169821952405
457049.0,23.0,2022-07-18 13:46:06.613000,A69-1602,65478.0,,56.5,29.5,0.0,10.922162833333331,-85.79147866666666,269.903,8.181,0.0019289999999987,2.8163399999981564,-9.260780000009383,363.8313152777998,315.96798531092276,-180.63604285976507,,2.62224875629523,-0.010159942027714534,-5.6930469677214105e-05,-2.394668533337802
457049.0,24.0,2022-07-18 13:46:14.795000,A69-1602,65478.0,,53.0,30.0,0.0,10.922161166666667,-85.7914805,278.085,8.182,0.0029289999999999,4.276339999999941,-4.984440000009442,363.74819679207104,315.7678215320171,-180.8213679990361,,2.6215335879727126,-0.0844489781523806,-0.0004732613282484782,-2.921173154204108
457049.0,25.0,2022-07-18 13:46:22.976000,A69-1602,65478.0,,52.5,28.0,0.0,10.922159333333331,-85.79148883333333,286.266,8.181,0.0019289999999987,2.8163399999981564,-2.168100000011286,363.05723525282826,314.8579861805528,-181.02522565292392,,2.6198016164281612,-0.12376705883269741,-0.0006935193892536284,-2.971130029871864
457049.0,26.0,2022-07-18 13:46:31.158000,A69-1602,65478.0,,47.0,28.5,0.0,10.922157333333333,-85.79150066666666,294.448,8.182,0.0029289999999999,4.276339999999941,2.1082399999886547,362.04469694451797,313.56601997933444,-181.24761582019065,,2.6174912834327033,-0.12253878732466031,-0.0006867207930755964,-2.898749602986651
457049.0,27.0,2022-07-18 13:46:39.339000,A69-1602,65478.0,,45.5,28.0,0.0,10.922154333333332,-85.791513,302.629,8.181,0.0019289999999987,2.8163399999981564,4.924579999986811,361.0420845866276,312.2194636567226,-181.58120107144438,,2.6148259410625623,-0.12575048294676625,-0.0007046333568407496,-2.8829827923399103
457049.0,28.0,2022-07-18 13:46:47.522000,A69-1602,65478.0,,44.5,28.0,0.0,10.922151,-85.79152583333334,310.812,8.183,0.0039289999999994,5.736339999999132,10.660919999985945,360.0133198856401,310.8183172127174,-181.95185135034015,,2.611980478341845,-0.14870266934670387,-0.0008334479063452588,-2.9870707607245706
457049.0,29.0,2022-07-18 13:46:55.702000,A69-1602,65478.0,,45.0,28.0,0.0,10.922148833333331,-85.79154,318.992,8.18,0.0009289999999992,1.3563399999989656,12.017259999984908,358.796485942376,309.27159711258895,-182.1927740320468,,2.6092243094942873,-0.12886358164657188,-0.0007219891081294233,-2.943225445892723
457049.0,30.0,2022-07-18 13:47:03.882000,A69-1602,65478.0,,45.0,27.5,0.0,10.922146333333334,-85.79155266666666,327.172,8.18,0.0009289999999992,1.3563399999989656,13.373599999983874,357.74238184450707,307.88864737664085,-182.4707617410418,,2.6065937598297966,-0.10019200376022548,-0.0005613497196977017,-2.924408050389248
457049.0,31.0,2022-07-18 13:47:12.068000,A69-1602,65478.0,,43.0,28.0,0.0,10.922144166666667,-85.79156266666666,335.358,8.186,0.0069289999999995,10.116339999999298,23.48993999998317,356.9228112537484,306.79684495293907,-182.71168442239477,,2.604454467842541,0.044914508625891754,0.00025182888192571914,0.4586721094793799
,,2022-07-18 13:47:24.163283,,,,,,,10.922146833333333,-85.79155716666666,,,,,,357.29048142135997,307.39733628548885,-182.41516419931352,,2.606026791290767,,0.0007997251758387679,0.4259819411918894
,,2022-07-18 13:47:34.176550,,,,,,,10.922154333333332,-85.79154033333333,,,,,,358.4580801780846,309.2352036992527,-181.58120107144438,,2.6106421992684257,,0.0008195427702201239,0.307508477939877
,,2022-07-18 13:47:44.187615,,,,,,,10.922159166666669,-85.79152483333333,,,,,,359.65461262260595,310.92749745550424,-181.04375816630284,,2.6143119300686193,,0.0005731748401465772,0.46001241984687125
,,2022-07-18 13:47:54.200048,,,,,,,10.922165166666666,-85.7915125,,,,,,360.49144788921996,312.274053778116,-180.37658766432583,,2.617789565585807,,0.0004998312775321883,0.29985156374004346
,,2022-07-18 13:48:04.208705,,,,,,,10.922168,-85.79150316666667,,,,,,361.22120155441695,313.29306937236726,-180.06153492715833,,2.619955049315431,,-3.7719072928641803e-06,1.0619184430586803
,,2022-07-18 13:48:14.209890,,,,,,,10.922175333333334,-85.791499,,,,,,361.21569456976937,313.7479870487939,-179.2461043130218,,2.622538951853508,,-0.001308310042286012,1.6502406703420265
,,2022-07-18 13:48:24.216036,,,,,,,10.922206166666667,-85.7915015,,,,,,359.3055619080318,313.4750364432157,-175.81758923146762,,2.630445076748535,,-0.003164685814086758,1.831252744975093
,,2022-07-18 13:48:34.219567,,,,,,,10.9222645,-85.79151733333333,,,,,,354.6851206194651,311.7463492722388,-169.33120934760873,,2.644008459987479,,-0.002697831254846778,1.978604032337643
,,2022-07-18 13:48:44.231554,,,,,,,10.922306166666669,-85.79153566666666,,,,,,350.7462869873888,309.7447114970728,-164.69808085893598,,2.6528906563626857,,-0.0019312029945322824,1.9360532004242823
,,2022-07-18 13:48:54.238642,,,,,,,10.922337833333334,-85.791548,,,,,,347.9267306153717,308.3981551730719,-161.17690320783473,,2.6600084956637335,,-0.0025480189256447223,1.6086338784203091
,,2022-07-18 13:49:04.252712,,,,,,,10.922407,-85.79155066666667,,,,,,344.2066229839304,308.10700786082555,-153.4859099170341,,2.6794198884415987,,-0.002408894467029226,1.543470279146749
,,2022-07-18 13:49:14.259107,,,,,,,10.922484833333334,-85.7915485,,,,,,340.68963706206773,308.34356505167847,-144.83122590029103,,2.702471527882699,,-0.00038413264636975256,1.24615762830155
,,2022-07-18 13:49:24.270211,,,,,,,10.922532,-85.79153233333334,,,,,,340.1288033983679,310.1086456373807,-139.58652445136957,,2.718637811298182,,0.0005949777614413139,0.932270720703499
,,2022-07-18 13:49:34.276873,,,,,,,10.92256,-85.79151116666667,,,,,,340.9974709300722,312.41962743423926,-136.4730621069829,,2.729747946550222,,0.00025523963550640877,1.0844495463300488
,,2022-07-18 13:49:44.277804,,,,,,,10.922594666666669,-85.7914925,,,,,,341.37012079791157,314.4576586241306,-132.61829920445103,,2.7424893916331556,,-1.78630145581194e-05,1.1929390732119547
,,2022-07-18 13:49:54.287282,,,,,,,10.922610333333331,-85.79148616666667,,,,,,341.3440407966567,315.14913349279914,-130.8762428932519,,2.747980647710793,,0.00021151860980956073,1.1163174520008217
,,2022-07-18 13:50:04.287412,,,,,,,10.922645166666667,-85.79146883333334,,,,,,341.6528579669787,317.04159102656735,-127.0029474766338,,2.760579780046722,,-0.00025043903010325656,1.264151194949994
,,2022-07-18 13:50:14.293913,,,,,,,10.922696333333333,-85.79145233333334,,,,,,341.2872169830279,318.8430650256058,-121.3134656928252,,2.7780261224655534,,-0.0030116192889367652,1.7642855885261348
,,2022-07-18 13:50:24.303123,,,,,,,10.9227715,-85.79146733333333,,,,,,336.89025282118024,317.2053613907477,-112.95530189951707,,2.7994981783858752,,-0.005076437465168453,2.046206913598278
,,2022-07-18 13:50:34.307519,,,,,,,10.922853833333331,-85.7915105,,,,,,329.4786541220343,312.4924142623008,-103.80024000633547,,2.8208905169889307,,-0.0058434683435069,2.1490077351350765
,,2022-07-18 13:50:44.317174,,,,,,,10.922936833333331,-85.79156566666667,,,,,,320.9471903405142,306.46930422457837,-94.57104805733934,,2.8422807706143596,,-0.005888776023252691,2.110947605464844
,,2022-07-18 13:50:54.322181,,,,,,,10.923027166666667,-85.79162083333334,,,,,,312.3495773465653,300.44619418824504,-84.52642549385301,,2.8673452153063703,,-0.0045436921492081755,1.8847605057342816
,,2022-07-18 13:51:04.335815,,,,,,,10.9231325,-85.79165566666667,,,,,,305.71578680872136,296.64308241265144,-72.8138766751589,,2.9008919020517294,,-0.0025655878056322656,1.7897051200528975
457049.0,32.0,2022-07-18 13:51:09.255000,A69-1602,65478.0,,43.0,26.0,0.0,10.923209,-85.791673,572.545,237.187,-0.0060590000000111,-8.846140000016263,14.643799999966909,301.97002861249825,294.7506248788833,-64.30745277022172,,2.926782999895722,0.0036837613947563385,0.000598452269820597,1.2869676348861268
,,2022-07-18 13:51:21.083447,,,,,,,10.923294833333332,-85.7916475,,,,,,302.8437689264363,297.53472106022565,-54.76320808405809,,2.959573290129853,,0.006378796244984707,0.34315244021979013
,,2022-07-18 13:51:31.089364,,,,,,,10.923327166666668,-85.79155533333333,,,,,,312.156811444114,307.5975000630055,-51.16790037643498,,2.9767550856428895,,0.006792324069415714,0.08542194270449255
,,2022-07-18 13:51:41.098653,,,,,,,10.923335,-85.79146216666666,,,,,,322.07360458546094,317.76945930996123,-50.296872220923824,,2.9846139178763886,,0.000994674888800605,0.025141720271206335
457049.0,33.0,2022-07-18 13:51:41.953000,A69-1602,65478.0,,54.0,32.5,0.0,10.923335333333334,-85.79144866666667,605.243,32.698,-0.0182840000000013,-26.694640000001897,-12.050840000034988,323.5258299231098,319.24339258063907,-50.25980719292815,,2.9854402070086703,0.1363053689923636,0.003052680106378291,-0.2009419254259687
,,2022-07-18 13:51:53.681094,,,,,,,10.923327333333331,-85.79140866666667,,,,,,327.98274287842213,323.6106022754461,-51.14936786305605,,2.9848311170310478,,0.001325654706720117,-0.3920317325624753
