tag_id,datetime,total_dt,delta_tof,delta_distance,total_distance,signal_level
65478,2022-05-31 16:15:02.617000,0.000000,0.000000,0.000000,0.000000,81.500000
65478,2022-05-31 16:15:10.795000,8.178000,-0.001071,-1.563660,-1.563660,82.000000
65478,2022-05-31 16:15:18.974000,16.357000,-0.000071,-0.103660,-1.667320,82.000000
65478,2022-05-31 16:15:27.153000,24.536000,-0.000071,-0.103660,-1.770980,81.500000
65478,2022-05-31 16:15:35.332000,32.715000,-0.000071,-0.103660,-1.874640,81.500000
65478,2022-05-31 16:15:43.511000,40.894000,-0.000071,-0.103660,-1.978300,81.500000
65478,2022-05-31 16:15:51.690000,49.073000,-0.000071,-0.103660,-2.081960,81.500000
65478,2022-05-31 16:15:59.869000,57.252000,-0.000071,-0.103660,-2.185620,82.000000
65478,2022-05-31 16:16:08.048000,65.431000,-0.000071,-0.103660,-2.289280,82.000000
65478,2022-05-31 16:16:16.227000,73.610000,-0.000071,-0.103660,-2.392940,82.000000
65478,2022-05-31 16:16:24.406000,81.789000,-0.000071,-0.103660,-2.496600,81.500000
65478,2022-05-31 16:16:32.585000,89.968000,-0.000071,-0.103660,-2.600260,82.000000
65478,2022-05-31 16:16:40.764000,98.147000,-0.000071,-0.103660,-2.703920,81.500000
65478,2022-05-31 16:16:48.943000,106.326000,-0.000071,-0.103660,-2.807580,82.000000
65478,2022-05-31 16:16:57.122000,114.505000,-0.000071,-0.103660,-2.911240,81.500000
65478,2022-05-31 16:17:05.301000,122.684000,-0.000071,-0.103660,-3.014900,82.000000
65478,2022-05-31 16:17:13.480000,130.863000,-0.000071,-0.103660,-3.118560,81.500000
65478,2022-05-31 16:17:21.659000,139.042000,-0.000071,-0.103660,-3.222220,82.000000
65478,2022-05-31 16:17:29.838000,147.221000,-0.000071,-0.103660,-3.325880,82.000000
65478,2022-05-31 16:17:38.017000,155.400000,-0.000071,-0.103660,-3.429540,81.500000
65478,2022-05-31 16:17:46.195000,163.578000,-0.001071,-1.563660,-4.993200,81.500000
65478,2022-05-31 16:17:54.374000,171.757000,-0.000071,-0.103660,-5.096860,81.500000
65478,2022-05-31 16:18:02.556000,179.939000,0.002929,4.276340,-0.820520,82.000000
65478,2022-05-31 16:18:10.735000,188.118000,-0.000071,-0.103660,-0.924180,81.500000
65478,2022-05-31 16:18:18.915000,196.298000,0.000929,1.356340,0.432160,81.500000
65478,2022-05-31 16:18:27.094000,204.477000,-0.000071,-0.103660,0.328500,81.000000
65478,2022-05-31 16:18:35.274000,212.657000,0.000929,1.356340,1.684840,81.500000
65478,2022-05-31 16:18:43.453000,220.836000,-0.000071,-0.103660,1.581180,82.000000
65478,2022-05-31 16:18:51.633000,229.016000,0.000929,1.356340,2.937520,81.500000
65478,2022-05-31 16:18:59.812000,237.195000,-0.000071,-0.103660,2.833860,81.000000
65478,2022-05-31 16:19:07.991000,245.374000,-0.000071,-0.103660,2.730200,82.000000
65478,2022-05-31 16:19:16.170000,253.553000,-0.000071,-0.103660,2.626540,82.000000
65478,2022-05-31 16:19:24.349000,261.732000,-0.000071,-0.103660,2.522880,81.500000
65478,2022-05-31 16:19:32.529000,269.912000,0.000929,1.356340,3.879220,81.500000
65478,2022-05-31 16:19:40.708000,278.091000,-0.000071,-0.103660,3.775560,81.500000
65478,2022-05-31 16:19:48.886000,286.269000,-0.001071,-1.563660,2.211900,82.000000
65478,2022-05-31 16:19:57.066000,294.449000,0.000929,1.356340,3.568240,81.500000
65478,2022-05-31 16:20:05.245000,302.628000,-0.000071,-0.103660,3.464580,81.500000
65478,2022-05-31 16:20:13.423000,310.806000,-0.001071,-1.563660,1.900920,82.000000
65478,2022-05-31 16:20:21.603000,318.986000,0.000929,1.356340,3.257260,82.500000
65478,2022-05-31 16:20:29.783000,327.166000,0.000929,1.356340,4.613600,81.000000
65478,2022-05-31 16:20:37.961000,335.344000,-0.001071,-1.563660,3.049940,82.000000
65478,2022-05-31 16:20:46.139000,343.522000,-0.001071,-1.563660,1.486280,82.500000
65478,2022-05-31 16:20:54.318000,351.701000,-0.000071,-0.103660,1.382620,82.500000
65478,2022-05-31 16:21:02.498000,359.881000,0.000929,1.356340,2.738960,82.500000
65478,2022-05-31 16:21:10.677000,368.060000,-0.000071,-0.103660,2.635300,82.500000
65478,2022-05-31 16:21:18.857000,376.240000,0.000929,1.356340,3.991640,82.000000
65478,2022-05-31 16:21:27.036000,384.419000,-0.000071,-0.103660,3.887980,81.500000
65478,2022-05-31 16:21:35.214000,392.597000,-0.001071,-1.563660,2.324320,82.500000
65478,2022-05-31 16:21:43.393000,400.776000,-0.000071,-0.103660,2.220660,82.000000
65478,2022-05-31 16:21:51.572000,408.955000,-0.000071,-0.103660,2.117000,81.000000
65478,2022-05-31 16:21:59.752000,417.135000,0.000929,1.356340,3.473340,81.000000
65478,2022-05-31 16:22:07.931000,425.314000,-0.000071,-0.103660,3.369680,82.000000
65478,2022-05-31 16:22:16.110000,433.493000,-0.000071,-0.103660,3.266020,82.000000
65478,2022-05-31 16:22:24.289000,441.672000,-0.000071,-0.103660,3.162360,81.000000
65478,2022-05-31 16:22:32.468000,449.851000,-0.000071,-0.103660,3.058700,82.000000
65478,2022-05-31 16:22:40.649000,458.032000,0.001929,2.816340,5.875040,80.000000
65478,2022-05-31 16:22:48.828000,466.211000,-0.000071,-0.103660,5.771380,82.000000
65478,2022-05-31 16:22:57.008000,474.391000,0.000929,1.356340,7.127720,81.500000
65478,2022-05-31 16:23:05.187000,482.570000,-0.000071,-0.103660,7.024060,80.500000
65478,2022-05-31 16:23:13.367000,490.750000,0.000929,1.356340,8.380400,81.500000
65478,2022-05-31 16:23:21.546000,498.929000,-0.000071,-0.103660,8.276740,79.500000
65478,2022-05-31 16:23:29.724000,507.107000,-0.001071,-1.563660,6.713080,81.500000
65478,2022-05-31 16:23:37.904000,515.287000,0.000929,1.356340,8.069420,82.500000
65478,2022-05-31 16:23:46.083000,523.466000,-0.000071,-0.103660,7.965760,81.500000
65478,2022-05-31 16:23:54.262000,531.645000,-0.000071,-0.103660,7.862100,82.000000
65478,2022-05-31 16:24:02.441000,539.824000,-0.000071,-0.103660,7.758440,81.000000
65478,2022-05-31 16:24:10.620000,548.003000,-0.000071,-0.103660,7.654780,77.000000
65478,2022-05-31 16:24:18.799000,556.182000,-0.000071,-0.103660,7.551120,82.000000
65478,2022-05-31 16:24:26.978000,564.361000,-0.000071,-0.103660,7.447460,82.000000
65478,2022-05-31 16:24:35.157000,572.540000,-0.000071,-0.103660,7.343800,82.000000
65478,2022-05-31 16:24:43.337000,580.720000,0.000929,1.356340,8.700140,81.000000
65478,2022-05-31 16:24:51.516000,588.899000,-0.000071,-0.103660,8.596480,82.000000
65478,2022-05-31 16:24:59.695000,597.078000,-0.000071,-0.103660,8.492820,81.000000
65478,2022-05-31 16:25:07.873000,605.256000,-0.001071,-1.563660,6.929160,82.500000
65478,2022-05-31 16:25:16.053000,613.436000,0.000929,1.356340,8.285500,81.000000
65478,2022-05-31 16:25:24.232000,621.615000,-0.000071,-0.103660,8.181840,82.000000
65478,2022-05-31 16:25:32.411000,629.794000,-0.000071,-0.103660,8.078180,79.500000
65478,2022-05-31 16:25:40.590000,637.973000,-0.000071,-0.103660,7.974520,81.500000
65478,2022-05-31 16:25:48.769000,646.152000,-0.000071,-0.103660,7.870860,81.000000
65478,2022-05-31 16:25:56.949000,654.332000,0.000929,1.356340,9.227200,81.500000
65478,2022-05-31 16:26:05.128000,662.511000,-0.000071,-0.103660,9.123540,80.000000
65478,2022-05-31 16:26:13.310000,670.693000,0.002929,4.276340,13.399880,81.500000
65478,2022-05-31 16:26:21.491000,678.874000,0.001929,2.816340,16.216220,80.500000
65478,2022-05-31 16:26:29.670000,687.053000,-0.000071,-0.103660,16.112560,82.000000
65478,2022-05-31 16:26:37.849000,695.232000,-0.000071,-0.103660,16.008900,81.500000
65478,2022-05-31 16:26:46.028000,703.411000,-0.000071,-0.103660,15.905240,82.000000
65478,2022-05-31 16:26:54.208000,711.591000,0.000929,1.356340,17.261580,81.500000
65478,2022-05-31 16:27:02.387000,719.770000,-0.000071,-0.103660,17.157920,82.000000
65478,2022-05-31 16:27:10.566000,727.949000,-0.000071,-0.103660,17.054260,82.000000
65478,2022-05-31 16:27:18.745000,736.128000,-0.000071,-0.103660,16.950600,82.000000
65478,2022-05-31 16:27:26.924000,744.307000,-0.000071,-0.103660,16.846940,82.000000
65478,2022-05-31 16:27:35.103000,752.486000,-0.000071,-0.103660,16.743280,81.500000
65478,2022-05-31 16:27:43.283000,760.666000,0.000929,1.356340,18.099620,81.500000
65478,2022-05-31 16:27:51.462000,768.845000,-0.000071,-0.103660,17.995960,82.000000
65478,2022-05-31 16:27:59.641000,777.024000,-0.000071,-0.103660,17.892300,81.500000
65478,2022-05-31 16:28:07.820000,785.203000,-0.000071,-0.103660,17.788640,82.500000
65478,2022-05-31 16:28:15.999000,793.382000,-0.000071,-0.103660,17.684980,82.500000
65478,2022-05-31 16:28:24.178000,801.561000,-0.000071,-0.103660,17.581320,82.500000
65478,2022-05-31 16:28:32.357000,809.740000,-0.000071,-0.103660,17.477660,82.500000
65478,2022-05-31 16:28:40.536000,817.919000,-0.000071,-0.103660,17.374000,82.000000
65478,2022-05-31 16:28:48.715000,826.098000,-0.000071,-0.103660,17.270340,82.500000
65478,2022-05-31 16:28:56.894000,834.277000,-0.000071,-0.103660,17.166680,82.500000
65478,2022-05-31 16:29:05.074000,842.457000,0.000929,1.356340,18.523020,82.500000
65478,2022-05-31 16:29:13.252000,850.635000,-0.001071,-1.563660,16.959360,82.500000
65478,2022-05-31 16:29:21.431000,858.814000,-0.000071,-0.103660,16.855700,82.500000
65478,2022-05-31 16:29:29.611000,866.994000,0.000929,1.356340,18.212040,82.000000
65478,2022-05-31 16:29:37.790000,875.173000,-0.000071,-0.103660,18.108380,82.000000
65478,2022-05-31 16:29:45.972000,883.355000,0.002929,4.276340,22.384720,82.000000
65478,2022-05-31 16:29:54.151000,891.534000,-0.000071,-0.103660,22.281060,82.000000
65478,2022-05-31 16:30:02.330000,899.713000,-0.000071,-0.103660,22.177400,80.000000
65478,2022-05-31 16:30:10.509000,907.892000,-0.000071,-0.103660,22.073740,82.000000
65478,2022-05-31 16:30:18.688000,916.071000,-0.000071,-0.103660,21.970080,82.000000
65478,2022-05-31 16:30:26.867000,924.250000,-0.000071,-0.103660,21.866420,82.000000
65478,2022-05-31 16:30:35.046000,932.429000,-0.000071,-0.103660,21.762760,82.000000
65478,2022-05-31 16:30:43.226000,940.609000,0.000929,1.356340,23.119100,82.000000
65478,2022-05-31 16:30:51.404000,948.787000,-0.001071,-1.563660,21.555440,82.000000
65478,2022-05-31 16:30:59.583000,956.966000,-0.000071,-0.103660,21.451780,82.000000
65478,2022-05-31 16:31:07.763000,965.146000,0.000929,1.356340,22.808120,82.000000
65478,2022-05-31 16:31:15.942000,973.325000,-0.000071,-0.103660,22.704460,80.500000
65478,2022-05-31 16:31:24.120000,981.503000,-0.001071,-1.563660,21.140800,82.000000
65478,2022-05-31 16:31:32.300000,989.683000,0.000929,1.356340,22.497140,82.500000
65478,2022-05-31 16:31:40.479000,997.862000,-0.000071,-0.103660,22.393480,82.000000
65478,2022-05-31 16:31:48.658000,1006.041000,-0.000071,-0.103660,22.289820,82.500000
65478,2022-05-31 16:31:56.838000,1014.221000,0.000929,1.356340,23.646160,81.500000
65478,2022-05-31 16:32:05.017000,1022.400000,-0.000071,-0.103660,23.542500,81.500000
65478,2022-05-31 16:32:13.196000,1030.579000,-0.000071,-0.103660,23.438840,78.000000
65478,2022-05-31 16:32:21.375000,1038.758000,-0.000071,-0.103660,23.335180,80.000000
65478,2022-05-31 16:32:29.554000,1046.937000,-0.000071,-0.103660,23.231520,81.500000
65478,2022-05-31 16:32:37.733000,1055.116000,-0.000071,-0.103660,23.127860,82.000000
65478,2022-05-31 16:32:45.914000,1063.297000,0.001929,2.816340,25.944200,82.000000
65478,2022-05-31 16:32:54.091000,1071.474000,-0.002071,-3.023660,22.920540,82.000000
65478,2022-05-31 16:33:02.271000,1079.654000,0.000929,1.356340,24.276880,81.000000
65478,2022-05-31 16:33:10.450000,1087.833000,-0.000071,-0.103660,24.173220,82.000000
65478,2022-05-31 16:33:18.629000,1096.012000,-0.000071,-0.103660,24.069560,82.000000
65478,2022-05-31 16:33:26.808000,1104.191000,-0.000071,-0.103660,23.965900,81.000000
65478,2022-05-31 16:33:34.987000,1112.370000,-0.000071,-0.103660,23.862240,82.000000
65478,2022-05-31 16:33:43.169000,1120.552000,0.002929,4.276340,28.138580,80.000000
65478,2022-05-31 16:33:51.347000,1128.730000,-0.001071,-1.563660,26.574920,82.000000
65478,2022-05-31 16:33:59.526000,1136.909000,-0.000071,-0.103660,26.471260,81.500000
65478,2022-05-31 16:34:07.706000,1145.089000,0.000929,1.356340,27.827600,81.500000
65478,2022-05-31 16:34:15.885000,1153.268000,-0.000071,-0.103660,27.723940,80.500000
65478,2022-05-31 16:34:24.066000,1161.449000,0.001929,2.816340,30.540280,81.000000
65478,2022-05-31 16:34:32.245000,1169.628000,-0.000071,-0.103660,30.436620,81.500000
65478,2022-05-31 16:34:40.425000,1177.808000,0.000929,1.356340,31.792960,82.000000
65478,2022-05-31 16:34:48.603000,1185.986000,-0.001071,-1.563660,30.229300,82.000000
65478,2022-05-31 16:34:56.782000,1194.165000,-0.000071,-0.103660,30.125640,82.000000
65478,2022-05-31 16:35:04.961000,1202.344000,-0.000071,-0.103660,30.021980,82.000000
65478,2022-05-31 16:35:13.140000,1210.523000,-0.000071,-0.103660,29.918320,82.000000
65478,2022-05-31 16:35:21.319000,1218.702000,-0.000071,-0.103660,29.814660,82.500000
65478,2022-05-31 16:35:29.499000,1226.882000,0.000929,1.356340,31.171000,82.000000
65478,2022-05-31 16:35:37.678000,1235.061000,-0.000071,-0.103660,31.067340,82.500000
65478,2022-05-31 16:35:45.856000,1243.239000,-0.001071,-1.563660,29.503680,82.000000
65478,2022-05-31 16:35:54.035000,1251.418000,-0.000071,-0.103660,29.400020,82.500000
65478,2022-05-31 16:36:02.214000,1259.597000,-0.000071,-0.103660,29.296360,82.000000
65478,2022-05-31 16:36:10.393000,1267.776000,-0.000071,-0.103660,29.192700,82.000000
65478,2022-05-31 16:36:18.572000,1275.955000,-0.000071,-0.103660,29.089040,82.000000
65478,2022-05-31 16:36:26.751000,1284.134000,-0.000071,-0.103660,28.985380,82.000000
65478,2022-05-31 16:36:34.930000,1292.313000,-0.000071,-0.103660,28.881720,82.000000
65478,2022-05-31 16:36:43.109000,1300.492000,-0.000071,-0.103660,28.778060,82.000000
65478,2022-05-31 16:36:51.289000,1308.672000,0.000929,1.356340,30.134400,82.000000
65478,2022-05-31 16:36:59.468000,1316.851000,-0.000071,-0.103660,30.030740,82.000000
65478,2022-05-31 16:37:07.647000,1325.030000,-0.000071,-0.103660,29.927080,82.000000
65478,2022-05-31 16:37:15.826000,1333.209000,-0.000071,-0.103660,29.823420,82.000000
65478,2022-05-31 16:37:24.005000,1341.388000,-0.000071,-0.103660,29.719760,82.000000
65478,2022-05-31 16:37:32.184000,1349.567000,-0.000071,-0.103660,29.616100,82.500000
65478,2022-05-31 16:37:40.363000,1357.746000,-0.000071,-0.103660,29.512440,82.000000
65478,2022-05-31 16:37:48.542000,1365.925000,-0.000071,-0.103660,29.408780,82.000000
65478,2022-05-31 16:38:04.900000,1382.283000,-0.000142,-0.207320,29.201460,82.500000
65478,2022-05-31 16:38:13.079000,1390.462000,-0.000071,-0.103660,29.097800,82.000000
65478,2022-05-31 16:38:21.259000,1398.642000,0.000929,1.356340,30.454140,81.500000
65478,2022-05-31 16:38:29.438000,1406.821000,-0.000071,-0.103660,30.350480,81.000000
65478,2022-05-31 16:38:37.617000,1415.000000,-0.000071,-0.103660,30.246820,82.000000
65478,2022-05-31 16:38:45.796000,1423.179000,-0.000071,-0.103660,30.143160,81.500000
65478,2022-05-31 16:38:53.975000,1431.358000,-0.000071,-0.103660,30.039500,82.000000
65478,2022-05-31 16:39:02.154000,1439.537000,-0.000071,-0.103660,29.935840,82.000000
65478,2022-05-31 16:39:10.333000,1447.716000,-0.000071,-0.103660,29.832180,81.000000
65478,2022-05-31 16:39:18.512000,1455.895000,-0.000071,-0.103660,29.728520,81.500000
65478,2022-05-31 16:39:26.691000,1464.074000,-0.000071,-0.103660,29.624860,81.500000
65478,2022-05-31 16:39:34.871000,1472.254000,0.000929,1.356340,30.981200,81.500000
65478,2022-05-31 16:39:43.050000,1480.433000,-0.000071,-0.103660,30.877540,80.000000
65478,2022-05-31 16:39:51.228000,1488.611000,-0.001071,-1.563660,29.313880,82.000000
65478,2022-05-31 16:39:59.408000,1496.791000,0.000929,1.356340,30.670220,80.000000
65478,2022-05-31 16:40:07.586000,1504.969000,-0.001071,-1.563660,29.106560,81.500000
65478,2022-05-31 16:40:15.765000,1513.148000,-0.000071,-0.103660,29.002900,82.500000
65478,2022-05-31 16:40:23.945000,1521.328000,0.000929,1.356340,30.359240,81.500000
65478,2022-05-31 16:40:32.124000,1529.507000,-0.000071,-0.103660,30.255580,82.000000
65478,2022-05-31 16:40:40.303000,1537.686000,-0.000071,-0.103660,30.151920,81.500000
65478,2022-05-31 16:40:48.482000,1545.865000,-0.000071,-0.103660,30.048260,82.000000
65478,2022-05-31 16:40:56.662000,1554.045000,0.000929,1.356340,31.404600,81.500000
65478,2022-05-31 16:41:04.841000,1562.224000,-0.000071,-0.103660,31.300940,80.500000
65478,2022-05-31 16:41:13.019000,1570.402000,-0.001071,-1.563660,29.737280,82.000000
65478,2022-05-31 16:41:21.198000,1578.581000,-0.000071,-0.103660,29.633620,82.000000
65478,2022-05-31 16:41:29.378000,1586.761000,0.000929,1.356340,30.989960,82.000000
65478,2022-05-31 16:41:37.557000,1594.940000,-0.000071,-0.103660,30.886300,82.000000
65478,2022-05-31 16:41:45.736000,1603.119000,-0.000071,-0.103660,30.782640,80.500000
65478,2022-05-31 16:41:53.915000,1611.298000,-0.000071,-0.103660,30.678980,82.000000
65478,2022-05-31 16:42:02.094000,1619.477000,-0.000071,-0.103660,30.575320,82.000000
65478,2022-05-31 16:42:10.273000,1627.656000,-0.000071,-0.103660,30.471660,82.000000
65478,2022-05-31 16:42:18.452000,1635.835000,-0.000071,-0.103660,30.368000,81.500000
65478,2022-05-31 16:42:26.631000,1644.014000,-0.000071,-0.103660,30.264340,82.000000
65478,2022-05-31 16:42:34.812000,1652.195000,0.001929,2.816340,33.080680,81.500000
65478,2022-05-31 16:42:42.992000,1660.375000,0.000929,1.356340,34.437020,81.000000
65478,2022-05-31 16:42:51.171000,1668.554000,-0.000071,-0.103660,34.333360,82.000000
65478,2022-05-31 16:42:59.349000,1676.732000,-0.001071,-1.563660,32.769700,82.000000
65478,2022-05-31 16:43:07.528000,1684.911000,-0.000071,-0.103660,32.666040,82.000000
65478,2022-05-31 16:43:15.707000,1693.090000,-0.000071,-0.103660,32.562380,82.000000
65478,2022-05-31 16:43:23.886000,1701.269000,-0.000071,-0.103660,32.458720,82.000000
65478,2022-05-31 16:43:32.065000,1709.448000,-0.000071,-0.103660,32.355060,82.000000
65478,2022-05-31 16:43:40.244000,1717.627000,-0.000071,-0.103660,32.251400,82.500000
65478,2022-05-31 16:43:48.423000,1725.806000,-0.000071,-0.103660,32.147740,82.000000
65478,2022-05-31 16:43:56.602000,1733.985000,-0.000071,-0.103660,32.044080,82.000000
65478,2022-05-31 16:44:04.781000,1742.164000,-0.000071,-0.103660,31.940420,82.000000
